100
66 -48 4 12 -69 40 -18 -19 84 -30 -15 51 -30 54 77 -40 -14 -85 70 -90 98 43 -13 -75 95 -78 -6 -29 43 -88 57 75 60 80 31 -83 -10 -40 -62 -54 9 -44 68 -69 61 -33 88 49 14 -49 -91 -34 -22 -7 -39 -86 -63 -89 84 -34 13 7 -61 -44 -53 92 85 -75 -73 -66 29 84 -43 -100 -23 -33 -87 -5 43 -54 -60 66 90 82 80 16 -23 -58 65 -14 -83 12 52 81 -66 95 13 -8 54 44 79 
-93 35 -17 25 72 33 -95 76 -58 -89 62 76 -64 -40 -5 1 -35 -90 89 -40 -7 -82 -8 -14 93 -92 -76 -12 -6 5 4 47 -35 94 -68 38 -76 -96 -94 65 58 -22 -46 80 -78 -12 10 -39 -48 -16 34 80 44 -30 96 88 68 -14 -90 43 -22 11 -65 -30 -9 43 -68 32 -91 58 -94 -61 -60 24 -90 5 30 -48 54 39 75 -26 -28 32 100 -47 39 66 97 13 55 -48 1 -45 -39 94 -92 -66 88 41 63 
40 88 -34 -84 83 -8 -28 29 53 99 54 94 -49 -73 30 22 -21 54 -95 45 -41 -9 87 -64 -35 56 16 17 0 -6 50 24 69 -91 61 -39 -23 -73 -53 37 -55 46 5 15 11 100 -82 100 28 -46 16 95 29 -65 -20 17 8 61 -1 -21 77 12 -81 -49 -23 49 -31 39 -42 -68 18 -50 100 9 -65 28 82 98 92 1 -96 73 -51 -76 -2 70 -50 -98 27 -43 70 55 16 -54 22 -17 22 -44 -74 1 35 
95 47 84 18 -33 69 -61 -26 -48 30 17 73 -39 21 33 -94 57 -51 72 -95 -93 -84 11 -2 9 16 -82 56 56 -14 -80 0 -52 54 100 -28 -58 -7 -93 -2 -48 53 -11 45 -20 -48 53 -66 96 62 71 20 -13 -21 46 -47 -71 -53 -54 -71 -14 47 -35 94 -18 51 -35 68 53 -16 20 2 96 -56 -50 6 -84 91 72 59 -86 -69 15 -64 87 -9 -99 -7 29 -25 75 77 -65 62 3 15 -18 26 16 -66 91 
24 -89 -4 -49 43 83 -6 46 20 24 -72 -99 97 -69 -10 71 53 -80 71 -98 -89 -24 -1 35 64 81 -84 -55 -1 -2 -23 -28 -61 73 -61 -4 63 -31 -63 -40 -58 -76 -94 -64 68 -29 66 -98 -59 -76 -28 71 12 52 -81 -1 40 -63 28 92 -96 72 -90 -99 -39 -18 -72 -44 -41 -51 57 22 -22 52 -58 82 -1 -25 40 -29 37 -13 90 -29 -40 56 -43 -75 -69 25 -82 50 49 76 7 13 -51 41 -72 -82 83 
-39 10 40 24 95 64 32 3 82 27 -73 -26 -75 -56 18 57 59 1 3 100 20 -44 74 84 -95 -18 23 74 -17 -22 -59 86 -88 51 9 -22 -88 -21 -31 -23 -70 -2 -5 -89 35 -69 26 -85 -89 -34 -70 27 -50 31 -59 12 59 -54 -36 -80 -16 72 20 56 68 41 -34 41 48 9 -42 -33 18 95 49 33 -50 19 87 -78 -66 -95 79 7 9 29 12 26 13 -72 53 48 69 52 -93 -17 33 -78 23 34 -34 
11 -41 -66 100 41 18 -37 -27 -37 85 -54 -86 90 -61 56 83 -96 -21 61 16 25 76 -53 -25 -67 72 19 81 62 -68 40 16 -16 -7 -38 -10 59 -76 -32 79 44 57 37 96 14 -8 80 -8 -21 15 68 68 -99 -96 -39 59 -53 23 -85 14 -68 -41 61 78 -86 -2 87 -35 -92 42 72 82 9 -15 0 74 -36 -48 94 -3 57 8 58 7 43 46 93 94 62 -14 68 40 -45 -7 -82 65 -36 26 -96 24 76 
47 -36 -12 32 -71 -41 -62 -67 -11 59 -21 49 -65 8 2 -87 -80 -17 30 96 -98 29 30 -33 -88 81 78 8 93 -37 -46 -26 -38 85 -58 87 63 33 -23 28 -93 81 46 41 -3 -37 -67 44 -42 -56 36 -10 -42 86 -10 -63 1 16 54 78 37 -69 35 -22 -4 -41 64 -43 58 -31 74 -20 75 3 -59 -7 -95 -79 -47 93 -3 -83 -46 7 -74 96 -77 81 48 62 64 98 43 -52 -55 18 -6 -38 -32 92 -17 
-52 32 7 -46 -41 -34 -90 -12 -56 73 -14 58 -11 -54 46 -11 -38 3 15 58 87 66 -37 15 18 -92 -13 -13 34 40 42 -13 -41 56 90 -38 19 -37 -29 -54 -10 84 83 63 40 61 27 -54 2 45 30 -71 -53 19 75 29 98 -55 57 -61 -75 -87 24 -59 -13 11 -75 29 86 93 -2 55 -10 64 83 44 -56 -81 83 -16 63 -83 69 57 81 -83 84 73 26 -91 49 59 81 -61 4 60 -72 52 40 -57 -25 
26 39 -9 59 35 96 -99 -84 45 61 -96 -75 -29 93 -98 25 -63 4 72 44 -2 -27 -92 -3 -81 -66 -3 34 83 71 77 -47 10 74 -16 71 -88 47 -13 75 75 95 58 22 13 -87 -17 22 40 -91 -42 -93 19 72 -22 -88 80 81 -8 64 -59 -8 25 69 23 32 60 -45 34 -3 86 -9 -17 -78 8 26 -59 -51 84 -14 -96 67 -14 57 -91 -13 56 -72 48 -6 96 -44 -90 -41 -73 32 -55 29 42 1 78 
55 84 55 -31 2 -98 36 36 -52 -63 -35 9 91 75 50 49 -28 -6 65 -48 -3 -82 4 -92 91 68 -76 41 -92 -30 -44 -34 -23 -19 63 91 -47 -43 92 16 -59 37 -54 -78 37 81 3 -48 -29 -1 79 -8 53 -8 55 -56 -26 14 18 100 -15 -9 73 7 4 -54 27 -54 -9 -33 71 44 -12 -51 41 43 89 -18 34 6 87 -39 -1 -83 -40 -49 -7 0 -80 -73 93 25 26 -25 75 41 -8 11 89 -9 -88 
77 -53 -10 -64 57 -13 67 28 -9 -25 35 40 68 87 -79 54 -25 75 -43 74 26 93 67 28 -94 -8 18 -32 24 -38 91 -82 -36 12 63 -36 -85 68 57 -23 51 82 19 57 -45 -13 97 -70 -82 -3 -79 86 -88 23 16 89 -95 29 20 -61 54 5 -68 -40 -95 9 -2 -31 93 -74 -86 -58 83 19 81 35 88 93 82 -48 23 -10 -52 -40 -99 50 72 58 -99 93 77 -76 24 31 50 -30 66 -3 -15 81 -10 
-79 86 41 62 -71 -99 -36 -31 -74 0 47 -19 54 95 -99 33 57 -88 77 85 -60 -51 71 -79 -38 18 -98 67 -76 28 -9 93 52 -72 -45 -48 -46 -55 -96 5 16 -18 -78 53 -72 62 17 -51 -6 56 -79 -71 19 -80 94 38 76 84 -68 81 -43 30 -40 14 -87 -14 34 -2 -33 21 -45 73 -34 17 -14 78 80 -20 -80 88 18 -28 -91 -91 40 -57 -62 50 84 42 82 1 68 12 98 -9 -24 17 -64 -58 -78 
90 -20 -51 78 87 85 -95 -8 -36 25 -80 -72 -14 47 -70 -6 42 -30 -62 80 -42 -68 64 -96 -81 -69 54 38 -45 -71 -78 55 -12 -56 -4 2 29 -45 -84 -5 71 -17 -26 10 -47 -44 -54 47 9 -93 -11 -49 -31 -99 -45 -40 12 2 57 -7 -81 -77 -80 68 -91 1 18 -98 58 83 -6 -32 47 18 -34 80 43 17 -14 63 -74 5 -82 -75 63 30 -54 -52 -91 -78 83 55 -82 5 -69 -79 -48 -8 58 1 -20 
20 -32 -34 49 -12 83 9 46 78 79 10 59 16 -62 25 -17 -58 -67 87 7 -38 -46 -22 8 -75 88 67 -83 39 -1 33 -91 74 -65 54 -25 -57 -67 -25 -77 28 42 -68 -8 13 77 6 86 -68 -97 16 -46 23 -43 34 73 77 12 94 -68 -95 65 68 -27 81 95 67 34 -55 85 29 -5 -63 -36 81 -99 -44 -19 -12 -32 -26 -22 37 51 5 -29 -32 7 40 40 67 73 2 75 93 49 32 56 11 -12 -93 
98 36 -50 -91 41 -63 32 -87 46 -74 14 23 -64 65 93 64 81 18 -12 -9 -56 -16 38 -76 -14 34 68 -80 -41 28 60 -89 -50 -39 24 -98 12 -93 22 94 -68 -40 -64 10 84 -9 -47 -20 -62 -18 -36 -64 96 76 43 -32 -66 -16 -97 68 -71 50 -51 73 96 -62 67 19 58 52 -90 47 -91 88 -100 73 -56 95 16 54 -98 -17 27 10 -34 -100 86 93 -64 -78 -100 38 -2 70 -10 -81 -60 -70 -68 64 -19 
60 -30 -57 55 -80 -6 54 -14 -4 87 70 93 80 32 52 49 -55 84 12 -1 -81 -19 42 -15 -94 -15 53 54 -87 -12 -64 20 99 -21 41 37 -81 -17 -9 -66 18 68 -23 -69 59 8 91 -44 36 19 -97 -81 50 -78 29 -32 11 -99 50 -46 -26 47 1 -97 5 -21 78 71 -69 4 0 -78 81 52 -81 74 44 -50 31 -11 59 93 -80 -12 80 15 58 69 72 73 -25 82 -68 -86 -77 42 -73 29 -48 21 -34 
33 95 93 20 -72 -28 -64 41 -91 -78 -19 17 -61 71 54 96 16 -89 -52 48 -72 73 -11 2 59 -5 14 50 97 -77 20 -74 88 -94 89 -23 54 4 89 -98 64 -45 -91 45 43 57 -12 77 37 -9 88 -41 12 -10 -89 -97 -16 -30 -46 12 -83 56 33 73 67 6 -44 57 90 -67 50 -27 48 -69 52 -24 10 9 -66 -100 42 -60 -48 -41 -87 -58 -99 -23 -57 4 -41 75 89 91 29 62 48 28 97 -42 70 
-59 55 54 -83 4 95 -71 -43 60 98 -100 93 89 72 70 47 -77 21 88 68 -3 -73 91 18 -59 16 50 -14 3 -26 -100 -84 -2 -84 -79 -93 27 96 -62 18 48 -33 -50 -100 65 -11 75 75 62 -76 -11 -80 -87 78 9 53 82 23 65 -80 -19 -35 45 17 -26 -83 46 -13 -40 86 -90 71 -80 54 -93 -99 -8 -54 48 27 73 -91 53 91 -40 -21 100 -65 -7 -12 -35 -97 -55 -40 -9 36 -12 -26 36 51 -22 
45 64 -16 -58 -66 94 66 -26 68 -100 -8 27 83 -14 49 -49 -40 78 -70 -33 -96 46 -62 -7 98 25 73 40 97 -53 89 -28 61 -34 50 28 96 86 -22 -21 -59 3 -8 -58 -88 73 13 8 86 37 65 20 91 34 -59 79 45 -13 62 98 -67 -95 -50 99 92 78 -20 88 89 -6 51 -68 -43 81 -45 76 -25 -53 -100 85 -66 -63 71 -13 37 -77 -45 48 99 41 -56 8 -56 -50 -59 -2 -77 -3 -77 19 82 
48 66 77 -86 38 -33 51 -32 -81 26 -1 9 -70 -57 -91 71 45 -13 31 -41 -93 -41 -18 -16 39 -62 77 -44 -71 53 71 89 20 -34 26 -51 -76 -8 94 -37 -59 -70 -12 -10 13 -20 -89 -14 0 -73 -74 -38 45 14 66 -14 -45 59 3 -72 -77 -41 -26 -26 6 62 -6 -23 90 -3 -23 1 72 7 -38 42 -45 68 -46 -81 65 -29 -49 -60 -78 70 -5 81 -54 0 -45 7 82 36 77 25 100 12 -90 60 -10 
-20 -93 -17 -9 -62 8 -75 45 -65 -53 68 -2 -42 19 -9 -46 -15 86 68 88 66 -59 16 90 -75 -46 -42 60 8 -71 -77 88 -5 58 76 8 -27 -81 -6 99 -76 45 -98 94 88 -68 -42 33 -60 49 31 -52 -60 26 -59 79 -22 55 -78 68 62 -93 77 89 52 69 -96 30 -93 20 68 -73 1 -52 -83 -34 -55 -27 -65 -53 78 95 79 48 -38 2 35 -70 -50 -41 -70 65 -42 100 -6 -97 86 -43 48 -92 -73 
-89 85 -38 -52 79 -30 14 -83 -29 73 58 69 -72 53 6 45 68 61 73 10 93 47 9 13 6 17 -97 19 38 54 -40 50 -60 40 -58 -99 -63 85 -80 45 58 -6 -63 97 87 88 -16 94 -63 -2 68 31 52 77 -15 -2 -3 59 12 -68 -70 -60 -65 39 26 -43 -36 2 -67 -17 20 -25 -77 -49 -13 15 -39 8 -70 -10 -29 -20 -65 27 -51 -96 90 -35 94 77 -4 -15 -27 -37 -57 43 -40 -9 3 38 -50 
-53 -76 -40 54 85 -56 29 -100 -56 27 -92 -9 21 52 56 87 -49 -39 49 -17 -53 62 -98 -48 40 -91 -73 -72 66 -56 88 -65 -17 74 12 1 94 84 -48 22 47 86 93 -70 -6 23 -50 92 50 98 73 -8 16 16 41 -15 -85 -25 61 -34 70 -91 -45 89 64 8 63 -75 15 27 4 -79 84 75 -71 35 -95 -12 15 -57 -61 -86 17 -41 -22 96 0 36 48 92 -18 -83 62 24 -98 11 9 45 -47 -100 -32 
-44 62 44 6 60 13 -69 -71 -8 -15 -54 -51 68 12 94 -89 -52 96 -11 -24 -14 75 -94 98 75 75 -19 -94 63 -26 60 -91 65 56 7 100 78 -25 80 -58 100 -4 19 52 15 55 -93 -11 39 83 -70 39 6 -78 -26 -72 -92 -52 -62 -71 -40 32 41 -13 64 -7 93 -42 58 1 2 31 36 15 82 31 -27 2 -99 -71 -54 75 14 -85 -83 84 -82 36 83 -41 0 -74 -64 -25 2 -100 69 -17 54 50 -66 
41 -95 -57 33 36 -76 32 75 51 71 -36 -55 -75 5 92 66 -17 -53 -16 -79 13 -71 -78 94 33 -42 -54 -10 -14 -11 41 71 50 95 -74 -78 13 -54 72 -83 -70 43 85 14 -54 18 3 -19 -18 85 36 20 94 91 -58 93 -45 67 -61 -63 71 3 -79 -35 -57 -65 63 -9 100 -32 10 -55 -97 -79 -27 -23 -4 -46 58 -36 -45 2 85 83 61 -78 -74 57 -49 26 -60 39 -18 14 13 -53 17 27 -25 72 -28 
63 -23 -28 -89 -36 4 -67 86 91 25 -83 -63 81 -66 -69 -10 -50 4 32 -56 75 -88 -13 53 42 16 49 -46 -96 -97 53 72 -46 10 11 47 -61 -21 63 40 -58 -23 -11 -6 -66 33 3 28 -79 -20 -82 92 92 -53 60 -15 9 -19 -90 68 -56 18 24 -50 90 -4 -41 87 59 -6 -75 -29 -28 -87 73 -17 53 34 13 38 69 -45 -12 45 19 1 26 -37 59 33 88 13 87 37 -35 -45 -43 81 -29 90 -9 
95 -6 89 -10 99 -15 14 61 47 -25 -81 -7 -88 -16 92 97 -77 -12 28 41 86 -45 12 90 -30 22 68 68 -26 85 -58 -75 53 34 -90 -40 61 70 96 53 53 -96 -75 -53 -1 63 -48 71 -85 -24 24 97 -78 15 72 -69 -30 31 -22 -87 -92 74 -79 -48 39 31 88 -40 -51 46 -84 -26 -14 26 15 72 45 37 83 -90 17 50 98 -40 -20 1 -78 66 63 5 14 9 47 47 -86 -67 26 -66 69 -21 22 
43 45 -23 27 -35 7 66 10 71 -57 -97 -21 57 79 4 51 -89 83 77 -27 -64 -6 -79 2 56 13 57 11 21 97 -87 -3 72 -42 0 -24 37 -63 33 47 12 -35 35 -75 37 -23 -30 33 49 -57 -7 -87 -61 -13 16 -18 64 38 47 -42 23 60 46 83 2 16 -81 -69 -29 -62 -73 -91 -57 87 43 54 -65 7 -13 48 10 57 -15 97 -53 -88 83 19 97 -79 -48 -73 -5 -58 -78 -65 22 -21 -66 -46 75 
75 -83 -6 83 -22 64 52 -27 9 -51 -47 28 -7 91 22 33 -43 -92 -98 82 38 84 -54 14 -45 48 69 85 -70 56 -69 23 49 72 60 -19 98 92 -69 -96 -13 -45 -27 -63 -56 87 -96 -84 -8 83 16 -71 -63 18 66 77 -45 -19 43 -61 25 66 -48 32 -82 -21 -58 86 -99 93 -61 32 100 11 33 11 30 -50 -52 2 -22 -33 45 -8 14 75 -50 45 -10 -8 64 -50 -93 -15 66 21 -5 60 11 93 -82 
48 67 -99 22 -80 4 -36 27 -100 -20 76 -41 -39 -2 -21 -9 -61 14 -54 55 -22 -77 34 -90 81 -9 -78 -56 -52 59 -45 90 99 -86 24 60 -57 25 63 -20 -38 90 70 -56 12 83 -16 2 -42 19 -23 76 -73 -68 0 -18 -47 15 -46 29 -64 -10 47 -67 99 -71 34 -94 84 -21 -71 -72 14 68 55 -39 -77 13 -7 36 -64 -93 -78 9 78 -45 75 54 76 -26 -17 99 16 -12 -69 -35 -48 88 19 2 41 
-98 37 36 -19 -82 5 -15 -28 -25 72 54 87 99 -91 15 -33 -88 84 -57 -28 27 24 54 -81 35 -36 -48 -86 -1 59 -44 81 -94 -12 -70 -83 73 -88 -14 -24 72 -13 50 75 41 36 -6 -55 -78 48 89 79 69 -13 -85 24 10 -55 75 -71 55 28 69 -4 -16 68 86 -96 -61 -15 67 37 -67 74 -56 -30 -23 74 -49 72 -13 41 -63 37 44 -12 -73 -90 78 -83 66 -31 -60 -98 21 -49 -8 -26 -37 -4 4 
-3 81 -79 50 -29 31 -11 -17 -83 72 66 95 -66 11 -4 0 97 -29 11 24 15 43 -89 91 41 -60 50 -52 -82 -23 -50 -91 -85 -40 77 100 53 60 -8 3 -31 -90 -57 -18 -26 56 17 -82 -65 62 -26 -30 -62 -54 -97 73 -25 75 100 97 44 99 -97 48 -56 -98 16 95 15 -30 76 -73 -21 20 29 28 -51 89 18 -59 -76 39 -46 -28 -86 48 44 32 13 -63 -79 -1 32 21 -32 -71 -31 52 2 -4 35 
85 -46 -41 40 -96 26 -98 -23 90 86 14 80 -23 -71 60 81 48 100 19 -72 -74 29 90 81 -32 93 3 -20 -60 -38 79 -96 -61 16 59 -59 65 33 35 -73 23 -54 91 -88 40 99 -63 40 56 72 43 97 -20 -57 -81 98 3 -5 -53 -55 48 -4 -84 -77 37 -14 34 12 76 -1 -90 -56 26 11 -45 73 15 -37 -74 -98 57 10 -83 67 -94 28 77 9 65 84 97 -45 62 -68 -66 -38 -85 -76 -38 63 77 
-89 100 67 5 -2 -30 21 52 57 -16 -40 91 -88 -75 66 50 -92 -5 -4 -46 2 4 -15 -73 -43 21 -63 -39 31 24 -29 -96 -85 68 -58 -5 87 98 -36 -50 -51 85 42 12 -75 -80 -19 6 91 -71 -20 43 94 87 30 15 27 -85 -31 -32 44 -10 38 6 99 88 72 74 -21 -89 24 21 72 31 14 19 -12 -86 -37 56 -28 72 99 41 68 -26 -68 89 35 54 8 20 -5 -54 -25 24 -81 21 56 47 -63 
-66 82 91 -52 -59 70 49 -9 72 13 -15 40 23 -16 -62 -59 96 60 -3 -9 21 41 72 -38 -92 -34 -100 -86 -8 66 79 -88 98 -46 79 -52 85 90 94 -62 8 -32 -62 -15 54 -37 97 -70 -80 -3 67 -71 97 -42 -42 69 -22 49 -15 10 -7 36 27 87 89 8 36 -81 -54 58 -63 -66 -79 -77 -90 -66 -84 13 21 63 26 15 -35 -79 -58 -85 67 78 3 -3 34 -24 32 -62 -100 4 -8 -72 66 -29 -7 
70 -54 25 -40 -11 -75 4 71 -52 96 83 -7 -37 12 -19 49 -93 -84 -58 51 -32 -25 73 -92 90 -32 -68 -62 82 92 -34 -74 -8 -34 56 -43 -22 98 62 52 -47 1 92 54 5 -5 -46 -60 -43 9 -3 60 -58 -67 67 -11 85 -16 99 44 27 32 -38 33 -33 -70 100 46 91 44 83 -20 74 93 -96 -63 -89 81 61 28 -34 13 -21 28 83 -26 -100 -54 -44 -74 -58 -48 -4 -70 -2 -35 45 95 49 -70 1 
99 94 -64 -83 81 23 89 38 -28 -28 -48 33 -50 -78 -83 2 56 36 -92 94 -12 16 -97 -73 95 -76 74 17 32 -5 50 -100 22 -21 -68 -99 60 -26 81 31 14 -46 35 -41 -11 -58 79 61 -97 89 -68 -78 66 -14 -10 34 -97 67 -72 -57 -12 -99 -19 96 4 16 -90 -2 59 -28 -26 -57 -15 -37 -35 50 39 97 -92 -84 -2 90 -61 64 93 82 84 -39 44 23 -25 -93 27 16 -41 -11 22 21 33 -9 45 
29 -60 -68 -61 -95 98 63 -16 -82 96 30 -49 27 74 -57 68 -96 15 -55 -9 -23 -96 12 -22 46 -86 42 -6 -39 31 -94 9 15 -55 -56 58 63 -45 -22 -25 24 26 -45 6 -49 -73 97 13 12 -67 28 30 -81 -27 66 -96 47 37 87 -6 65 9 -72 8 -29 -97 84 4 86 17 -92 -96 38 97 27 10 81 7 -56 -85 63 -72 100 83 64 88 -87 -10 9 -60 9 82 -34 35 -5 57 92 -65 -55 -9 75 
-86 -51 62 81 88 -86 -78 53 -89 -92 76 -13 -10 -48 61 46 29 3 14 -78 49 15 -25 -8 91 80 -41 15 47 73 -51 18 -53 47 -64 16 -60 -64 87 40 57 -23 -76 39 46 -74 33 -35 -90 -43 -32 -96 -80 -21 80 15 -37 -53 4 -2 -98 57 -37 -22 -1 -77 -97 30 -34 -55 -27 26 23 44 -4 50 42 -75 13 75 -20 -46 56 -99 32 -18 28 27 34 15 38 -45 67 -67 48 82 -24 34 -5 20 -6 
-26 -2 71 84 46 -43 -50 48 30 50 77 -4 66 13 13 -83 41 -78 0 99 87 77 20 -21 -82 -34 3 53 -61 63 68 -83 12 -92 47 44 -62 -19 30 -19 -36 100 59 -31 -37 31 -17 -84 86 91 -5 31 -59 38 90 -85 -61 -47 13 70 -13 19 72 -26 -7 -72 3 -35 -96 95 -14 3 -40 73 -51 -24 72 -39 65 -97 -95 -33 72 43 12 44 34 33 -5 65 83 96 7 60 44 23 6 -40 -51 64 95 
-84 -11 -50 56 43 -52 -67 -89 -91 70 -46 -5 91 35 -88 90 -68 -11 -75 -54 -19 84 -74 -89 85 -59 23 47 7 55 -69 38 59 -13 -49 -34 -67 7 -94 -77 -76 -88 -36 89 60 62 8 11 -63 9 -83 96 -6 -39 -45 -98 -55 -94 -89 85 -74 -62 28 48 -80 75 -36 54 63 48 -92 -91 -39 46 85 10 -67 -18 -18 52 -49 -65 55 30 -3 -80 93 -3 -43 -22 62 17 60 74 -45 96 -52 21 47 -98 -55 
-37 -100 -20 -11 59 -16 68 -33 -39 -13 -74 -6 63 7 6 -73 36 59 76 -27 82 3 -52 19 -9 0 -94 -7 -12 33 -37 21 52 96 -11 -82 82 -48 66 -68 19 -80 69 41 64 52 -10 -86 -52 28 -61 99 35 -10 -53 87 43 43 41 87 88 36 25 14 -60 32 -40 -37 72 55 -23 -1 35 -41 97 -38 -1 50 -2 47 -71 -30 67 -72 47 -32 -83 65 -12 -14 56 34 -38 -21 45 -19 -99 -54 96 -9 -77 
-37 -69 -19 -38 -29 74 -35 42 22 -82 82 50 43 -52 21 -20 -85 -8 44 -55 19 97 7 -10 -59 86 -9 28 -91 47 27 -86 -44 -88 -2 74 97 96 8 -26 58 57 -42 63 64 -53 -53 -46 -11 89 -3 -68 -68 -33 77 20 38 -1 -41 77 64 8 82 -85 -12 23 50 13 -29 -27 -69 -45 -67 64 6 95 -9 4 94 -28 -38 -26 52 -87 57 -56 21 -82 57 56 -39 -6 -65 -48 -84 -90 17 -5 3 -25 83 
-15 95 3 37 24 68 -16 48 72 45 39 71 65 -27 45 -23 17 -38 19 86 20 -14 -69 82 -53 9 -31 -2 48 -12 74 3 -62 57 35 89 50 -35 -65 -79 11 29 40 84 -30 15 -19 8 58 25 77 -44 68 54 95 8 -52 72 -76 73 82 93 2 -32 10 48 -65 -44 10 72 -21 0 49 -97 76 -70 0 -75 -31 -22 -47 -27 -58 6 -60 -31 -49 -98 -7 83 28 35 -93 97 91 -51 -34 -94 40 47 -5 
-52 10 -13 95 97 80 -45 -63 97 29 10 7 38 -15 -39 1 -76 -42 73 -20 -65 99 -9 -44 89 -99 -11 76 33 -32 54 39 10 21 -76 -7 -94 33 -82 -53 -7 -93 54 -6 -46 -83 -27 -4 24 62 10 62 15 89 24 -37 -15 2 92 -24 -95 -77 15 -55 67 39 -50 94 98 1 57 58 79 56 -32 31 99 -84 81 -94 74 57 60 -50 89 -12 -81 0 -34 60 -81 -30 -30 85 -98 78 44 -44 -30 28 -54 
84 30 13 98 22 1 52 95 -49 -50 63 51 -23 54 81 -52 -33 55 83 61 86 -35 50 -65 81 25 -11 -22 55 -91 34 44 3 -61 -88 -97 -47 43 -39 94 76 -75 -76 -84 33 36 -22 -90 -13 -13 77 37 10 -52 -4 -28 27 -72 96 -26 88 56 73 11 52 -96 2 85 42 -87 79 -22 -92 -10 42 -59 -56 59 49 97 -38 -65 -40 -4 -58 -18 -46 -91 -18 -43 19 65 -93 -50 -13 73 39 -1 -40 -76 22 
14 73 -69 49 43 -56 27 9 34 69 55 74 87 38 98 34 -94 -24 -30 -76 94 -31 -27 49 -30 34 91 -4 -86 -10 43 3 66 20 -65 -89 44 3 81 64 -49 89 -57 2 -24 -26 14 50 39 25 -47 -37 -3 -88 -97 94 77 -14 -89 58 -19 85 99 -66 20 70 -72 17 16 -89 56 75 90 -57 -89 -81 33 33 34 15 -53 -28 23 83 -69 -87 -31 66 51 94 -87 -78 -5 -21 -83 59 -74 -66 50 -43 -90 
84 -46 -39 41 5 -34 -33 -54 -60 -92 43 -64 -69 99 36 -28 35 59 37 -80 -64 31 -50 33 -66 -30 -33 -85 -66 68 38 -52 47 47 -29 81 -75 93 65 -98 14 45 51 3 -76 -69 -81 -66 -66 52 -21 -54 88 -74 51 92 52 -11 -34 -44 49 36 41 88 11 -65 99 9 0 49 -23 -87 -88 -48 29 -40 47 66 60 -50 37 -25 -61 -77 -74 16 -95 9 58 84 -68 -74 65 -1 62 -79 -24 -43 45 40 31 
54 55 4 31 -78 66 -42 16 93 -37 51 -2 -20 51 -89 -73 99 -93 45 -52 81 77 6 31 81 50 17 -75 -75 97 96 -99 77 98 -13 -14 6 4 12 21 42 77 -55 -76 43 -28 -32 -32 34 33 -58 24 -93 -52 80 -9 35 -16 72 26 -58 5 27 59 44 -27 76 38 -80 96 33 7 57 76 20 83 58 -58 -48 -91 -39 -92 -77 92 84 -39 -66 -10 89 87 -69 38 77 -46 -43 43 100 -24 -94 60 -59 
-82 -40 79 -34 -79 63 -22 83 -33 -84 73 44 -2 -75 -79 -41 -15 96 -33 63 -25 18 -36 27 93 -72 -8 23 -17 -74 -94 -68 -21 84 -55 -97 -100 27 -58 3 7 86 19 -91 -42 -8 -40 36 -21 54 -81 33 -6 11 -50 -7 -17 7 17 -97 -72 1 17 -55 44 35 9 14 52 -45 -15 -9 57 -20 93 19 -45 31 13 -65 -66 -74 -41 16 -26 -100 79 77 -8 8 -82 -67 55 -58 39 50 -47 63 -23 91 -96 
51 -24 -35 -55 81 -83 -91 11 13 -2 10 85 -74 58 -98 18 -81 6 -1 -99 -41 -86 41 -12 -51 35 -91 -98 81 46 -98 -93 100 92 -52 61 20 -48 92 29 96 1 35 -36 -55 -32 47 25 5 -86 -33 -18 -47 -60 74 -67 -8 -68 30 -42 -58 -100 -77 -33 42 100 -7 78 45 -21 12 3 -98 -19 -83 -19 25 -74 54 -92 -87 -41 73 8 -54 -29 11 46 0 76 44 73 28 -53 -62 69 -63 6 22 51 -78 
-17 -62 -71 -15 38 -79 -13 -36 96 74 -6 43 -79 31 73 -6 -5 -99 80 84 -13 -4 98 -17 93 26 -26 -96 12 18 44 70 -78 5 41 49 -86 18 -2 -16 26 83 24 -56 -60 -19 -81 -74 79 19 56 -63 10 -24 0 -62 27 0 -50 60 47 -52 -18 -67 -34 60 63 23 15 -29 35 -13 9 -58 19 8 -99 57 63 40 11 35 98 -10 91 -70 17 22 -26 -1 -25 -20 60 80 -50 -10 -45 46 72 -30 10 
22 -3 88 25 32 38 79 82 67 89 -74 64 20 -22 27 -49 94 62 -52 -47 17 24 75 60 -94 5 -67 -40 61 -78 84 83 -39 -26 -5 88 -87 92 20 40 -40 -75 45 -84 57 -14 -11 86 32 -61 96 51 64 38 -28 92 -92 45 56 -70 63 3 -5 13 19 -28 65 -98 -4 30 89 46 -43 -42 70 -75 -9 0 32 -66 10 -55 40 -89 -66 -13 -54 1 45 82 -49 100 -24 -22 79 57 23 88 73 28 -28 
77 89 -75 41 51 -100 73 -45 -6 48 64 3 -87 -5 -84 -79 74 30 -61 -76 75 30 -20 -11 -13 -51 42 40 -16 -52 -97 -40 -95 -39 -72 45 -64 -78 64 -28 -43 -56 -55 -60 -5 84 12 -41 -30 62 66 50 -1 -94 -64 -12 70 -19 -61 32 54 -97 12 65 52 -79 -100 -17 -77 100 -1 99 -89 -53 -93 -10 53 -86 100 8 51 -53 -86 -66 87 72 -32 -30 -47 19 43 -66 -76 -99 38 -4 -8 -90 -67 -2 0 
-75 -12 93 63 -3 39 -40 -49 8 -20 -9 25 -35 74 -24 52 8 -73 88 74 -30 70 23 73 -17 -86 -27 -8 8 -2 36 76 37 36 -68 96 -94 49 76 27 -23 -78 -70 49 2 -74 -85 39 -54 16 -84 -89 94 18 -44 49 83 91 -8 63 -63 -93 -81 26 22 29 -85 54 -43 50 -64 -90 -20 -91 -64 10 29 -43 42 -63 28 33 -11 92 -31 9 -22 -12 62 63 69 21 45 -55 70 -32 -6 25 -36 87 -60 
62 51 -91 -51 -83 -41 34 -24 -21 -39 -43 -87 -85 81 59 14 52 -45 -60 78 97 -68 -44 17 -68 55 90 -100 1 -1 -11 -39 52 79 16 21 -57 9 19 61 33 31 9 61 -41 58 27 -18 -3 -80 59 -17 -16 31 -49 -83 11 -54 97 -13 -86 -17 -48 -34 40 -64 -83 -42 -11 35 -57 -67 -84 -66 -96 22 -64 -67 76 -64 -33 22 -41 33 42 -41 96 -56 -62 52 49 -88 53 -50 75 67 -81 -94 5 11 20 
-85 -64 -31 -61 -65 62 0 -88 -29 -69 14 -66 2 -69 41 59 -16 27 90 31 -54 40 46 97 33 -66 36 -73 -95 -91 -48 8 -91 9 42 79 89 -7 -17 -41 -85 -7 -19 -28 12 -62 -20 57 79 -37 -39 80 -41 -82 8 72 -26 65 60 -63 70 92 47 -31 -74 -74 -24 12 43 12 51 -14 -36 44 -8 -86 -48 -37 3 -81 42 72 31 1 40 -48 19 -58 39 -32 -85 -86 -95 -4 75 6 -40 -56 -33 55 45 
-54 48 80 71 -4 -30 -27 8 -70 -71 -60 36 -43 -79 73 -91 -32 32 18 -77 59 8 -73 -50 -55 -25 -69 84 -26 84 -6 54 -85 -88 37 -23 -41 -77 65 51 78 94 39 27 29 -75 23 59 -9 16 -9 31 -93 96 -5 68 38 7 21 21 -37 48 -65 55 15 6 25 30 -44 -16 18 -98 78 -95 32 12 -17 39 -12 -31 89 14 90 -49 -62 42 13 18 -15 -29 70 -63 -88 -59 -47 -96 -87 13 -62 -87 69 
4 50 11 93 22 38 -80 31 86 89 19 -14 -63 98 73 5 60 12 -92 90 31 -25 23 41 -49 82 -23 -45 -47 49 -40 -55 23 -15 67 -37 89 -94 75 93 47 89 29 -59 -80 -64 45 13 -71 37 -33 11 -19 18 -76 90 56 6 66 72 44 66 -59 -20 51 67 -34 -62 7 -80 71 3 74 -31 45 -19 47 12 92 37 71 -41 -39 28 4 28 -59 -74 53 74 49 79 95 -81 -43 -83 20 -61 -99 29 73 
89 -10 58 -98 74 99 -10 93 24 -3 -48 27 73 47 -31 -70 -6 -57 -98 73 -14 80 -93 48 -70 75 -72 -9 -82 81 86 22 33 -22 -47 -45 18 80 10 -21 53 -71 -8 -23 -50 1 92 62 75 -37 31 -78 41 -60 -34 33 55 -35 8 22 12 -39 62 86 -18 -42 98 -34 43 69 -99 96 -41 -95 61 -66 -33 -71 30 -48 81 72 -76 -81 -43 -36 -81 -98 38 -52 85 20 13 58 19 63 -17 -77 85 51 85 
-52 -8 -36 96 -89 -34 -38 -11 41 -97 -26 36 -61 17 -5 -87 -15 -85 61 -99 -92 7 32 -26 -17 -77 100 -35 67 10 -100 30 26 20 -7 -28 -85 -81 67 29 -6 3 43 -42 -82 -91 -63 -31 53 -5 -95 34 50 -56 91 48 -36 20 -50 45 99 -90 27 -5 -80 -47 71 25 -41 27 72 -57 79 68 -55 -60 -81 59 -16 -5 -22 -58 -60 81 46 -59 -39 -21 -60 35 -34 -34 91 94 10 74 91 52 96 91 99 
-88 -42 -55 54 21 -54 80 -60 -53 76 54 -25 28 -15 40 35 -9 11 -55 44 -36 58 5 16 -51 74 7 80 -64 22 -46 -21 -100 4 -33 -74 84 56 45 -88 92 -28 -88 -37 -85 24 0 0 -48 63 95 62 5 -56 88 44 74 23 88 -6 83 26 32 56 -44 -63 89 64 44 14 72 48 -59 -54 -1 -88 23 40 -57 -24 73 37 86 62 -85 -30 -94 61 45 54 -73 -39 93 50 -77 47 32 33 14 -52 37 
-68 27 85 3 -62 -62 -37 -92 -5 -57 94 55 40 48 -55 -20 -29 29 26 98 -56 88 60 2 -83 -75 -8 31 -95 39 -78 -2 64 72 -52 37 29 -21 -95 84 50 94 -30 24 -83 29 -12 -70 -18 -38 -33 72 93 -93 14 -41 -28 83 -4 -20 100 -24 -48 90 -10 -68 -97 -34 -64 -70 71 -57 -35 -51 21 -47 -2 29 85 39 50 12 -20 -52 94 45 14 -86 -8 -67 -20 -4 -62 -28 40 97 68 -16 -45 45 89 
-52 33 -34 87 -64 -20 -35 -82 87 19 70 61 -17 -40 43 -10 81 -96 -60 74 97 -55 -31 23 80 28 -10 97 -19 90 -87 21 -9 25 82 -42 -96 -71 35 -45 -93 70 -4 -36 -21 80 87 -69 28 41 -60 48 -81 -78 -56 39 92 -89 -100 -68 -84 31 -90 100 1 -46 18 -79 -100 66 40 15 8 -91 28 62 -16 -78 62 -80 25 -16 -40 -18 96 15 -3 -49 33 -63 -13 -19 -2 -84 46 -19 -78 43 78 90 44 
-2 -94 -61 -4 -19 37 48 17 -12 -21 -42 37 10 2 13 -44 -72 58 -34 21 -76 73 28 72 46 12 2 -98 24 100 52 73 73 76 -54 22 -3 -88 -18 46 -53 27 25 3 -50 -46 -30 -25 38 -41 82 -94 -70 97 -40 56 -100 -82 35 5 23 -93 -8 68 11 16 -42 48 90 -73 28 -69 -75 10 37 -7 -39 47 92 87 -2 -76 64 -58 61 -88 86 -99 -46 -88 90 90 26 -70 -59 44 -1 -25 56 -45 32 
-2 -14 12 11 -54 57 -29 52 50 25 -51 -28 -10 -98 70 -80 87 95 100 -28 39 63 54 -62 -7 -50 -67 38 8 82 -29 -95 23 12 -76 -2 -48 -81 50 -46 -1 7 -46 -10 2 -43 -45 -96 -37 -67 93 -8 23 99 3 32 4 -80 -71 33 -87 -91 -59 34 -92 -83 74 -50 -96 -94 -15 -30 -32 20 83 -28 -58 -77 -90 59 84 -38 -67 100 -83 6 86 -76 -41 -61 71 44 73 13 19 -20 94 -71 -39 71 -64 
86 -37 73 48 9 94 69 -76 85 56 -31 -76 -58 -73 12 -39 -29 62 -15 55 -97 73 -38 45 33 1 -85 83 77 19 83 -11 -5 49 -96 -80 30 -92 -43 -79 47 -34 -87 -49 61 88 16 40 65 -90 -85 23 18 53 -23 59 -26 -69 72 28 45 46 -56 80 -85 -92 -16 -26 -5 49 31 24 57 -61 41 53 22 -46 -6 97 94 -83 -82 39 76 -95 -97 61 -51 -46 44 -86 -23 -91 99 -87 89 -75 -36 -85 34 
-13 26 34 -72 78 4 -37 -62 -62 -13 85 88 -71 -39 59 -49 -1 -73 -19 -32 22 40 -18 100 -35 -49 25 51 90 -96 14 -19 44 -53 -5 -23 75 -36 78 -19 -4 84 -39 -99 65 61 -100 47 38 -57 34 -35 60 -29 -69 22 -31 -7 95 31 -84 31 -18 -100 7 88 52 -96 -12 -47 -21 -37 -76 -25 -25 84 -98 -36 27 79 -9 -92 98 9 -47 -62 71 64 7 44 -11 50 48 -41 31 0 46 35 3 92 23 
-52 -25 88 -80 30 -77 -60 -100 -71 74 24 54 -11 79 -23 -52 -66 0 77 -14 -13 36 -5 -37 11 -12 -98 -76 -93 37 -50 3 -50 57 70 -79 -37 -65 42 -13 66 -58 -71 -46 -88 -90 -98 42 40 -36 -76 -11 -64 -57 -95 2 33 -17 -8 -66 -32 -98 11 -29 -92 82 -75 71 -96 33 10 -73 -33 48 65 99 8 -40 46 19 -50 -87 -23 22 -97 -7 30 40 3 -65 -14 64 31 100 -38 12 -77 -75 -19 90 35 
-51 -66 41 33 8 -62 74 37 -24 -27 -92 59 31 24 90 -12 5 -96 45 5 -31 75 16 -81 83 57 -15 46 79 -66 -6 -90 57 -30 -42 17 -4 65 -40 -8 41 64 19 11 -72 -44 -67 50 -14 58 85 -64 84 -31 58 -50 3 -74 56 -64 -77 -63 76 -100 -97 78 20 -64 -68 97 65 -86 -61 14 -35 -81 -25 -6 -81 30 -1 -54 43 57 52 -77 33 26 -63 38 74 12 -80 22 22 -47 27 -69 -84 -54 -29 
-45 94 -67 59 58 -61 -38 15 58 17 72 31 27 50 6 -9 41 -40 25 18 16 10 50 -56 -44 -16 -82 -78 -86 -28 17 -51 47 79 55 -9 -32 52 13 -94 83 32 88 -51 72 -35 59 -35 -19 7 24 52 39 36 -66 -70 -44 90 92 -16 -54 11 50 0 51 32 28 63 -99 -30 49 -27 22 92 -34 75 -4 -33 -21 -56 19 -63 -48 -46 52 -98 -82 63 -52 -23 45 -8 75 -12 48 13 -34 15 20 64 12 
76 81 57 46 38 61 8 10 -96 86 42 88 82 29 44 -69 -48 -78 -45 98 -55 -78 83 -61 -26 -36 -75 64 36 76 -92 -29 72 57 49 -25 2 -40 -55 -11 -53 95 -3 -49 -98 -55 -81 -48 -36 -77 17 -78 28 81 54 -45 18 51 -89 36 78 32 7 32 80 -71 -50 67 -59 -56 1 69 66 18 61 -29 16 -15 20 -81 69 -2 84 -1 -65 18 -49 60 -24 27 -64 -60 -94 -94 -59 25 -47 84 -11 34 82 
71 -31 -15 -99 -3 60 12 6 -77 -76 -75 35 -80 -8 53 75 82 12 -53 2 -50 -66 -55 8 -24 84 -2 -52 -93 65 -41 -53 -38 -73 97 -66 83 32 45 -71 -70 68 70 -48 -43 34 -37 -35 94 35 -11 100 -55 61 77 53 14 70 81 -77 40 81 95 -74 -40 83 -46 -80 -19 100 8 -64 -94 -43 4 27 -65 98 66 -2 27 -57 16 -22 30 -83 -37 71 4 18 -54 -45 -84 90 52 71 -67 3 61 -52 -86 
-63 59 45 -75 27 54 -19 23 35 36 -22 84 -82 -30 55 31 36 -66 22 -3 -70 76 -61 76 -25 79 43 -68 64 9 97 98 69 47 48 -44 -17 50 73 35 -45 54 -39 -73 83 -54 97 -4 -78 -30 -76 9 -90 -40 -42 -53 -2 -30 -69 -27 -6 -92 -17 98 -94 -85 75 -25 44 81 14 -8 -34 18 84 -72 6 88 78 -15 -17 45 4 -16 57 -62 40 -39 -1 98 -30 -82 93 5 -44 -78 95 30 27 -17 32 
-83 -53 -21 -20 99 -27 -74 92 -11 -71 -76 39 3 35 58 15 2 19 -47 11 -11 -75 10 -74 -53 -55 -59 -46 24 46 99 -49 49 -29 49 50 -69 28 64 12 50 52 91 -27 -18 42 83 -29 91 -24 -49 -96 -18 2 67 -30 -73 -19 -12 0 65 -34 -20 -85 65 -1 -19 -23 -20 -75 25 87 5 8 48 66 43 38 -5 81 12 67 -18 27 -17 81 3 30 -76 73 -34 -95 -77 -8 -75 -39 -20 33 -70 -82 50 
71 -78 6 61 40 -69 78 -89 -19 -80 84 20 -86 -49 85 -85 79 59 -65 -55 33 -50 -38 95 7 -62 32 -81 3 -93 -50 -30 93 1 -86 -42 -49 -12 76 -43 -9 -97 59 -2 -9 37 75 76 -36 -91 89 50 60 16 65 84 0 -57 -12 5 57 84 -45 -59 12 -87 -61 78 -70 -94 -58 42 68 79 53 24 -40 50 36 -70 -26 85 18 -1 -60 99 -74 37 7 10 -18 -15 100 17 -98 28 -97 -27 0 10 -31 
67 40 -74 -16 85 59 -83 2 59 -37 63 -98 -66 64 84 30 -60 -56 84 31 97 -59 3 4 2 21 -67 58 -24 13 41 3 -58 -90 80 70 24 -28 -48 40 87 -17 62 -73 -82 -87 76 38 -93 90 -57 -62 46 44 1 -91 -17 57 -88 -71 20 38 31 88 75 -84 -59 -85 -19 16 -73 82 -10 38 -70 34 81 -55 -99 -6 -87 39 61 -99 22 -68 1 -20 -82 38 -84 50 17 85 84 -32 84 27 48 -26 -50 
-30 -57 8 -46 79 23 95 -17 94 14 -11 -29 80 94 27 -68 26 -10 17 23 -86 -93 17 -52 -15 -44 -20 21 -64 -75 -15 -49 75 33 -100 -75 94 -29 5 91 -58 -19 -11 -4 86 57 -19 -18 28 79 23 -92 -19 77 -90 46 -76 11 -14 -21 39 -97 -81 -23 -81 78 -9 24 64 74 -79 -76 62 -33 -60 -2 55 11 48 8 -23 -21 -7 52 7 72 -40 65 69 23 -22 21 -70 83 -25 87 -55 -54 9 -86 -66 
69 100 35 -74 -47 -74 43 83 8 80 -34 87 75 31 64 -28 16 -93 70 81 -71 -8 81 4 50 -80 -50 31 -99 -62 45 91 74 -26 -32 -85 -60 -63 -37 -32 -71 54 91 -51 17 -39 64 40 -15 -73 -8 96 90 -77 36 23 -53 -12 49 -51 -71 -44 45 43 2 -99 -36 -70 52 92 44 59 11 29 -11 -45 42 74 -18 -12 93 15 -77 5 -28 84 -33 70 75 -68 78 -87 62 -58 20 95 -13 -69 2 78 -10 
88 40 98 -21 -39 88 -70 -35 -27 78 -87 -17 -44 76 84 -85 94 -44 -70 -99 100 -43 -51 -57 16 62 -65 -53 7 5 -36 -89 -72 74 1 -5 77 67 27 -65 63 93 -4 74 63 -86 -8 68 -25 58 6 28 67 -12 82 61 45 35 50 -86 55 49 20 96 -86 -44 -44 68 85 72 80 59 54 -27 -25 -45 26 36 -13 -69 87 56 -55 8 -77 -10 -61 -2 46 -3 64 -65 90 -34 -82 76 -100 8 49 -2 58 
52 100 -8 76 -13 -23 38 71 69 64 -19 -57 -5 -60 77 6 24 70 17 62 -90 -38 34 -93 16 -87 20 43 90 -30 69 -52 78 -45 -55 -4 80 54 26 -26 -64 -3 49 -99 73 -98 -32 84 -61 22 -85 93 -12 -68 75 -31 -35 -27 -46 -47 -39 -9 53 33 14 90 -89 -75 -9 70 -69 -59 81 -43 60 69 -72 -94 81 -27 54 -18 -25 -4 4 0 24 36 55 -23 12 -86 -14 11 -78 -81 68 1 5 39 -48 
-95 22 87 -80 23 30 -94 -81 72 37 54 45 -71 7 -94 19 100 -13 -8 87 17 8 75 -65 -43 -1 -38 -4 -52 -96 22 14 -28 -10 -78 -32 13 29 26 94 -80 -54 80 36 31 -58 -79 83 35 -86 1 -89 24 1 93 -13 22 -61 -26 62 -51 83 -25 -57 -29 -97 -89 46 88 36 32 -70 80 -19 12 -45 59 -75 64 -7 57 -47 61 -14 30 -38 -17 -68 -97 -78 -33 -99 -57 -67 81 77 46 -27 -95 -66 -87 
-98 -21 -44 22 31 -96 64 -57 42 -17 -38 -65 86 25 27 41 -62 -35 99 -75 95 39 -8 62 -20 -89 -65 66 -48 28 11 88 -60 -97 49 86 20 -9 -26 92 -85 -28 68 -18 -39 -16 85 -62 -48 -98 11 26 -25 -28 29 80 62 36 55 -82 80 24 -5 -28 2 -46 -20 89 -96 34 -88 -57 69 34 -68 22 4 31 -21 3 62 43 -82 -23 -60 61 56 -78 63 -83 -55 -67 -13 -42 45 59 60 -37 -90 61 36 
44 -28 31 54 -21 65 63 59 79 -2 -63 58 -93 -64 20 54 31 61 -36 -24 -100 70 98 -88 -92 54 60 79 -47 -80 -91 46 39 -71 38 93 -15 98 62 -41 -24 7 -82 46 -9 -74 55 47 -52 77 -32 -10 17 -95 38 66 30 -34 -27 0 -41 -40 -3 65 -22 -71 23 41 -13 -58 0 -17 -58 -51 17 31 78 -79 -32 -25 39 -2 -66 54 19 -33 -39 16 43 76 -53 100 86 -77 -8 -38 77 -47 77 -31 60 
92 -88 -73 87 44 59 -52 54 -100 51 -81 38 -50 -96 -43 9 41 -94 53 95 78 54 75 -27 -35 56 14 46 -79 72 -6 53 -80 -44 43 91 56 -28 -23 47 45 17 -64 87 12 -3 77 44 -24 -88 54 -38 -87 -51 0 56 14 -23 15 -86 -54 -48 -41 -6 54 -92 -9 -41 -4 -10 -78 -79 87 -26 92 -95 -40 -52 -18 -46 -88 10 16 52 -72 98 40 52 -26 -82 -73 77 -95 34 51 -11 -40 84 -79 28 36 
35 8 -72 4 57 -27 -17 -17 -49 2 -82 40 64 98 99 91 2 -5 -66 -33 54 42 -33 -100 50 -49 -5 -89 -70 39 95 -61 -56 66 -91 33 67 17 85 78 -68 60 100 -47 -74 -27 -52 -100 -95 -78 -74 -28 66 -37 44 -27 79 30 -89 72 -6 90 -28 56 -40 -1 55 16 -28 -81 98 -13 -43 29 -28 2 -58 -75 22 -36 -86 -10 -73 -44 41 -28 52 -95 35 26 6 64 53 -56 -98 -17 -20 53 54 28 -16 
83 78 -21 -43 79 25 -27 35 43 40 56 -88 -15 -76 -2 14 -65 41 77 -86 -40 51 86 -66 28 -39 -70 -4 -36 -49 -100 -75 46 -48 -67 17 -54 -56 -28 -64 33 -85 64 -20 17 -81 93 70 53 -21 -89 97 -95 -13 91 88 28 50 -34 47 92 43 -79 -44 -37 -84 51 9 -41 38 -63 -41 -64 -86 67 -27 7 99 -94 -56 -93 -69 49 48 72 12 -65 -71 -72 9 -37 36 57 68 -94 77 -35 91 50 -7 78 
28 -61 -26 0 79 15 -53 90 -64 66 51 40 76 -11 95 -42 10 -33 -14 7 35 -73 69 77 52 -81 40 -83 15 26 76 30 36 1 -61 43 -90 22 -11 -7 17 2 -79 -75 -53 43 6 16 20 -84 84 -87 8 -82 7 -100 57 23 17 -34 7 -58 66 40 63 -94 6 -10 -97 91 19 -16 22 -90 21 -98 12 -95 98 -90 27 -21 -83 28 -29 -73 -29 -12 43 62 -12 76 15 21 -79 -70 8 68 79 61 -9 
-26 -83 -27 -1 -76 -83 13 87 87 42 -87 -57 -54 -41 14 -41 -98 -83 73 2 -1 43 97 -33 -57 -20 6 53 -88 45 36 -98 -72 -58 -8 -33 -15 92 16 100 -61 29 49 37 -79 -55 -27 45 -33 -63 76 -60 60 -5 -30 58 -44 9 -5 -9 -72 34 -82 -82 -86 33 -80 -78 12 -29 -82 -72 23 57 89 -99 84 -74 78 -52 49 -47 59 40 94 -60 -84 -93 -23 60 -24 27 -84 -96 -49 -89 -1 -76 -43 -92 21 
82 40 -59 75 -40 -82 -3 43 87 -37 -3 -32 -82 26 24 100 -12 9 56 60 -75 -51 71 39 -98 -54 39 19 -26 -50 99 79 98 -85 32 -55 -82 19 47 66 57 1 57 -6 97 -24 -12 -86 77 99 85 11 -7 10 40 -40 40 68 -69 26 11 8 83 16 32 6 46 -96 -16 -82 -63 13 -51 28 16 -46 -57 4 72 -65 88 -2 -88 -73 53 65 91 -67 10 6 -10 -37 3 -10 -18 69 -62 40 31 43 72 
49 -80 -51 -41 -39 -19 -5 -82 88 48 -87 84 78 -29 -3 92 -85 56 -63 -50 -42 98 -81 6 31 -10 94 28 49 61 84 14 -9 29 90 -75 19 -62 -69 45 -32 53 41 95 30 -29 -99 79 88 -76 68 -41 -87 87 72 76 37 -50 -48 -20 -44 -67 -35 -67 -71 13 -4 38 4 -20 99 42 95 -41 -87 -95 91 84 51 -65 72 -81 50 -54 30 -67 -99 35 -82 -51 80 -92 -38 48 66 45 97 -1 27 47 -98 
28 76 -49 -92 15 -11 5 -59 -66 30 -76 -81 -38 33 73 1 91 -64 -66 7 -81 92 61 -25 -7 -55 -44 69 -38 80 92 -89 77 1 -28 72 30 33 -66 -61 89 -27 8 -96 75 -81 -16 -34 -62 -64 -80 -86 95 25 58 -89 -37 47 -55 -100 -33 -12 -47 25 -1 88 99 0 68 -37 63 -81 -69 95 87 -81 95 98 47 -60 -92 98 86 12 28 73 18 -6 -18 -86 -37 -58 30 1 84 -22 -56 -89 57 -64 71 
-53 -47 -83 100 -15 -32 14 31 83 -4 -82 -70 82 -24 69 85 -48 78 2 21 -86 48 70 -59 77 -81 -41 -33 51 -16 9 -60 -33 0 14 -36 81 -97 100 -42 -89 -90 95 -65 32 -7 -70 18 95 -19 -75 9 58 -9 -59 27 -20 -98 65 -77 -45 -36 -24 -58 -68 65 70 93 -61 63 -25 -37 -44 -67 -19 61 -97 -76 -30 -18 -19 30 79 -41 93 -5 73 -44 -65 92 -86 -75 -96 -99 -2 -67 96 -22 -61 72 36 
-89 -27 98 -42 89 92 -81 90 14 71 -62 -80 75 -95 -60 -29 42 -16 31 -13 -66 -4 94 -22 59 17 -65 -28 -20 56 -71 -47 -92 2 92 -12 -81 97 12 72 -23 98 48 59 -34 -69 -55 -68 -21 74 -15 -100 -41 -67 47 -65 45 -16 -88 75 38 -21 75 55 -45 -59 57 -20 99 40 64 0 -48 44 20 -37 -1 83 -16 5 62 -43 -8 -80 -23 -5 82 -60 24 99 -23 -2 71 -50 -70 41 -28 71 18 43 81 
31 56 95 64 -70 42 -46 79 -68 -7 -63 89 -30 -80 51 62 -95 80 85 82 29 92 -100 -69 85 -83 46 68 99 95 -50 68 -14 -86 -45 -64 43 -10 -6 3 37 -67 -13 72 -90 -3 -96 70 -79 -3 -58 94 99 -1 65 89 97 -24 -24 -36 -85 -20 -18 54 42 -21 51 29 83 96 -92 -58 -72 -17 -12 98 -100 -93 -78 0 -23 25 -36 -99 3 38 -38 -51 -15 62 85 -60 -1 75 64 -80 71 -37 -68 28 51 
8 23 -93 31 -68 36 -75 92 70 67 -4 93 12 -9 95 -86 73 79 37 -58 76 -100 -49 37 -100 -73 -12 -89 98 17 40 20 -91 -37 87 -5 81 30 -6 -20 -43 44 -95 -52 34 -95 -76 -34 -78 97 39 49 74 40 96 -95 37 12 77 61 -16 -91 39 30 100 34 79 3 -13 94 54 -18 46 84 32 -95 -10 81 -21 21 -81 72 -98 -80 51 43 -82 67 43 -23 75 25 73 -36 -38 4 82 -57 -1 -54 89 
47 -1 29 -47 59 -9 -40 -46 -31 -95 -62 -82 -86 -65 -56 -91 -69 77 -86 32 46 -69 47 43 -30 14 61 -63 -3 47 -47 81 9 24 -2 -55 -57 -59 -92 98 -43 -73 -5 -65 -49 89 -96 -12 16 32 52 99 -17 -7 -51 89 -97 -73 73 78 82 -35 -36 -71 50 95 -68 -55 49 -72 -12 11 -47 98 38 -7 55 -74 70 11 -63 -98 -74 67 -32 -77 61 11 -30 -4 95 42 32 6 -34 37 45 56 -73 79 37 
-55 -53 25 16 -32 -81 3 -7 -14 -59 35 -50 -10 43 5 74 48 63 15 -29 -94 19 -81 -66 24 41 5 -4 -60 -86 -22 15 -7 -15 7 54 -86 -44 5 80 95 -21 11 -67 27 -7 -85 12 -44 82 24 -14 -85 18 92 -51 100 -10 61 -46 -96 28 1 -50 14 58 -50 -78 -14 1 49 -90 -71 -5 -83 92 86 -41 -36 49 11 -81 -34 82 25 -30 24 -38 -18 96 47 92 25 79 -26 -11 -72 -90 62 -47 -40 
76 -73 -64 41 -44 32 -64 -40 34 -62 86 -15 62 19 20 54 6 90 -31 5 74 -78 46 -51 71 -94 -18 -31 -23 12 -42 79 69 2 -89 -3 -80 -68 84 43 -44 39 43 -49 45 -51 37 -45 -67 -65 -25 -19 -37 -16 -21 -16 28 47 15 18 40 56 -75 91 -47 -32 22 16 100 -85 -47 -85 -70 -16 -52 99 88 -86 80 67 39 16 16 -64 -7 16 35 -10 36 -38 -46 -91 -16 -78 -4 41 46 -31 -83 -19 -37 
